1024 4.566744498293726e+06 1.690634350475742e-14
4096 1.550844734260237e+07 1.6975335266309516e-14
16384 6.158008661466199e+07 1.6960106337295574e-14
65536 1.9079150629029575e+08 1.6952229888228825e-14
262144 6.05644351028272e+08 1.6948242665090684e-14
1.048576e+06 8.569757032428716e+08 1.6946220787165402e-14
4.194304e+06 9.937417936432322e+08 1.6945203523231987e-14
1.6777216e+07 1.1340826637981358e+09 1.694469158847788e-14
6.7108864e+07 9.961346791590822e+08 1.6944450009740225e-14

1024 7.01264817386601e+06 1.690634350475742e-14
4096 2.4648029182159316e+07 1.6975335266309516e-14
16384 9.798728940268421e+07 1.6960106337295574e-14
65536 3.1787935048735183e+08 1.6952229888228825e-14
262144 7.629139270207453e+08 1.6948242665090684e-14
1.048576e+06 1.0819339718327532e+09 1.6946220941415603e-14
4.194304e+06 1.091254442916608e+09 1.6945198886452648e-14
1.6777216e+07 1.1436975566723866e+09 1.6944703525782562e-14
6.7108864e+07 1.1193013328437247e+09 1.6944442843100794e-14

1024 7.840518644182907e+06 1.6906337195843912e-14
4096 2.8416852470053036e+07 1.6975339996818884e-14
16384 1.0846289984936738e+08 1.6960106741379807e-14
65536 3.874543217627942e+08 1.6952234650767378e-14
262144 7.747532189014025e+08 1.6948249155837326e-14
1.048576e+06 1.1450559276963296e+09 1.6946216466603756e-14
4.194304e+06 1.1895709057082698e+09 1.69452004508381e-14
1.6777216e+07 1.2519691349023986e+09 1.6944716275690555e-14
6.7108864e+07 1.2482493697941256e+09 1.6944447504820624e-14
