1024 9.791293885542547e+06 1.690633425747264e-14
4096 3.674201980104232e+07 1.6975344243727178e-14
16384 1.3033713835998426e+08 1.6960107633196593e-14
65536 4.388366703428345e+08 1.69522307392589e-14
262144 6.248983757061794e+08 1.6948236559679967e-14
1.048576e+06 4.480010907448431e+08 1.6946228302258317e-14
4.194304e+06 4.5092427772458583e+08 1.6945210988316847e-14
1.6777216e+07 4.5376737480871683e+08 1.694469473975431e-14
6.7108864e+07 4.546717681112714e+08 1.6944431965819464e-14

1024 1.1155178058810556e+07 1.6906337195843912e-14
4096 4.056026439826258e+07 1.697533339932259e-14
16384 1.6644157333407697e+08 1.696010805529373e-14
65536 5.0840973359185666e+08 1.6952229423464676e-14
262144 7.940458074807551e+08 1.6948243839309567e-14
1.048576e+06 5.926519960519408e+08 1.6946214195268384e-14
4.194304e+06 5.74603595118363e+08 1.6945205118530127e-14
1.6777216e+07 5.450869636732056e+08 1.6944697045537354e-14
6.7108864e+07 5.344303606811724e+08 1.6944452574482017e-14