1024 4.807015237862756e+06 1.690634350475742e-14
4096 1.901808017680871e+07 1.6975333267014903e-14
16384 7.700007989510244e+07 1.6960106739015114e-14
65536 2.9122904469354427e+08 1.6952234648403787e-14
262144 9.468963736091069e+08 1.6948249153474296e-14
1.048576e+06 1.569697527662323e+09 1.6946216464240998e-14
4.194304e+06 9.586080027681971e+08 1.694519615784809e-14
1.6777216e+07 8.699018784365498e+08 1.6944706944559165e-14
6.7108864e+07 8.580465163188417e+08 1.694445111170835e-14

1024 3.856931931177871e+06 1.690634350475742e-14
4096 1.5356755885319227e+07 1.6975333267014903e-14
16384 6.067642511272209e+07 1.6960106739015114e-14
65536 2.4308560258604863e+08 1.6952234648403787e-14
262144 9.416633139835624e+08 1.6948249153474296e-14
1.048576e+06 1.6337272846958814e+09 1.6946216464240998e-14
4.194304e+06 9.11819786685722e+08 1.694519615784809e-14
1.6777216e+07 8.19686088258882e+08 1.6944706944559165e-14
6.7108864e+07 8.140045059447867e+08 1.694445111170835e-14